\begin{tabular}{rrrrrrrrrrrrrrr}
\toprule
Cases & Log Cases & Temp & Max Temp & Min Temp & DTR & Precip & Humidity & Veg NE & Veg NW & Veg SE & Veg SW & Fcst Precip & Fcst Temp & Fcst RH \\
\midrule
1.00 & 0.70 & 0.12 & -0.04 & 0.27 & -0.24 & -0.07 & 0.13 & -0.16 & -0.14 & -0.12 & -0.14 & -0.01 & 0.26 & -0.13 \\
0.70 & 1.00 & 0.05 & -0.22 & 0.39 & -0.46 & -0.13 & 0.15 & -0.35 & -0.32 & -0.27 & -0.31 & -0.04 & 0.38 & -0.24 \\
0.12 & 0.05 & 1.00 & 0.76 & 0.62 & 0.30 & 0.06 & 0.74 & 0.17 & 0.20 & 0.09 & 0.12 & 0.15 & 0.61 & 0.24 \\
-0.04 & -0.22 & 0.76 & 1.00 & 0.14 & 0.71 & 0.17 & 0.52 & 0.45 & 0.48 & 0.29 & 0.37 & 0.20 & 0.23 & 0.39 \\
0.27 & 0.39 & 0.62 & 0.14 & 1.00 & -0.43 & -0.05 & 0.62 & -0.29 & -0.30 & -0.25 & -0.29 & 0.06 & 0.72 & -0.04 \\
-0.24 & -0.46 & 0.30 & 0.71 & -0.43 & 1.00 & 0.18 & 0.08 & 0.62 & 0.63 & 0.44 & 0.53 & 0.14 & -0.26 & 0.40 \\
-0.07 & -0.13 & 0.06 & 0.17 & -0.05 & 0.18 & 1.00 & 0.25 & 0.23 & 0.22 & 0.13 & 0.16 & 0.35 & -0.17 & 0.45 \\
0.13 & 0.15 & 0.74 & 0.52 & 0.62 & 0.08 & 0.25 & 1.00 & 0.09 & 0.10 & 0.03 & 0.05 & 0.45 & 0.51 & 0.58 \\
-0.16 & -0.35 & 0.17 & 0.45 & -0.29 & 0.62 & 0.23 & 0.09 & 1.00 & 0.81 & 0.59 & 0.64 & 0.19 & -0.32 & 0.44 \\
-0.14 & -0.32 & 0.20 & 0.48 & -0.30 & 0.63 & 0.22 & 0.10 & 0.81 & 1.00 & 0.55 & 0.65 & 0.19 & -0.31 & 0.44 \\
-0.12 & -0.27 & 0.09 & 0.29 & -0.25 & 0.44 & 0.13 & 0.03 & 0.59 & 0.55 & 1.00 & 0.82 & 0.03 & -0.16 & 0.21 \\
-0.14 & -0.31 & 0.12 & 0.37 & -0.29 & 0.53 & 0.16 & 0.05 & 0.64 & 0.65 & 0.82 & 1.00 & 0.10 & -0.23 & 0.31 \\
-0.01 & -0.04 & 0.15 & 0.20 & 0.06 & 0.14 & 0.35 & 0.45 & 0.19 & 0.19 & 0.03 & 0.10 & 1.00 & -0.13 & 0.59 \\
0.26 & 0.38 & 0.61 & 0.23 & 0.72 & -0.26 & -0.17 & 0.51 & -0.32 & -0.31 & -0.16 & -0.23 & -0.13 & 1.00 & -0.40 \\
-0.13 & -0.24 & 0.24 & 0.39 & -0.04 & 0.40 & 0.45 & 0.58 & 0.44 & 0.44 & 0.21 & 0.31 & 0.59 & -0.40 & 1.00 \\
\bottomrule
\end{tabular}
